/usr/bin/python3.5 /home/cougarnet.uh.edu/amobiny/Desktop/skin_lesion/runs/convergence.py
Using TensorFlow backend.
2019-10-10 16:21:47.724179: I tensorflow/core/platform/cpu_feature_guard.cc:141] Your CPU supports instructions that this TensorFlow binary was not compiled to use: AVX2 AVX512F FMA
2019-10-10 16:21:48.124294: I tensorflow/core/common_runtime/gpu/gpu_device.cc:1432] Found device 0 with properties: 
name: TITAN V major: 7 minor: 0 memoryClockRate(GHz): 1.455
pciBusID: 0000:67:00.0
totalMemory: 11.78GiB freeMemory: 11.36GiB
2019-10-10 16:21:48.124336: I tensorflow/core/common_runtime/gpu/gpu_device.cc:1511] Adding visible gpu devices: 0
2019-10-10 16:21:48.381019: I tensorflow/core/common_runtime/gpu/gpu_device.cc:982] Device interconnect StreamExecutor with strength 1 edge matrix:
2019-10-10 16:21:48.381044: I tensorflow/core/common_runtime/gpu/gpu_device.cc:988]      0 
2019-10-10 16:21:48.381049: I tensorflow/core/common_runtime/gpu/gpu_device.cc:1001] 0:   N 
2019-10-10 16:21:48.381282: I tensorflow/core/common_runtime/gpu/gpu_device.cc:1115] Created TensorFlow device (/job:localhost/replica:0/task:0/device:GPU:0 with 10968 MB memory) -> physical GPU (device: 0, name: TITAN V, pci bus id: 0000:67:00.0, compute capability: 7.0)
--------------------------------------------------
-----------------------------RUNNING FOR MC=1-----------------------------------
running iter#0
------------------------ MC = 1, accuracy=81.30% (improved)
Confusion matrix, without normalization
[[  91   91    1    1   36    1    2]
 [  25 1263    3    0   42    5    3]
 [   4   11   70    4   10    1    3]
 [   5    6    6   24   25    0    0]
 [  21   43    2    2  150    2    0]
 [   2    4    1    1    4   11    0]
 [   2    2    3    0    1    0   21]]
Normalized confusion matrix
[[0.40807175 0.40807175 0.0044843  0.0044843  0.16143498 0.0044843
  0.00896861]
 [0.0186428  0.94183445 0.00223714 0.         0.03131991 0.00372856
  0.00223714]
 [0.03883495 0.10679612 0.67961165 0.03883495 0.09708738 0.00970874
  0.02912621]
 [0.07575758 0.09090909 0.09090909 0.36363636 0.37878788 0.
  0.        ]
 [0.09545455 0.19545455 0.00909091 0.00909091 0.68181818 0.00909091
  0.        ]
 [0.08695652 0.17391304 0.04347826 0.04347826 0.17391304 0.47826087
  0.        ]
 [0.06896552 0.06896552 0.10344828 0.         0.03448276 0.
  0.72413793]]
--------------------------------------------------
-----------------------------RUNNING FOR MC=2-----------------------------------
running iter#0
running iter#1
------------------------ MC = 2, accuracy=81.05%
Confusion matrix, without normalization
[[  95   88    1    0   35    1    3]
 [  23 1255    3    1   51    5    3]
 [   2    9   73    3   12    1    3]
 [   6    8    3   23   25    1    0]
 [  22   44    1    3  149    1    0]
 [   1    5    1    1    6    9    0]
 [   3    1    2    0    2    0   21]]
Normalized confusion matrix
[[4.26008969e-01 3.94618834e-01 4.48430493e-03 0.00000000e+00
  1.56950673e-01 4.48430493e-03 1.34529148e-02]
 [1.71513796e-02 9.35868755e-01 2.23713647e-03 7.45712155e-04
  3.80313199e-02 3.72856078e-03 2.23713647e-03]
 [1.94174757e-02 8.73786408e-02 7.08737864e-01 2.91262136e-02
  1.16504854e-01 9.70873786e-03 2.91262136e-02]
 [9.09090909e-02 1.21212121e-01 4.54545455e-02 3.48484848e-01
  3.78787879e-01 1.51515152e-02 0.00000000e+00]
 [1.00000000e-01 2.00000000e-01 4.54545455e-03 1.36363636e-02
  6.77272727e-01 4.54545455e-03 0.00000000e+00]
 [4.34782609e-02 2.17391304e-01 4.34782609e-02 4.34782609e-02
  2.60869565e-01 3.91304348e-01 0.00000000e+00]
 [1.03448276e-01 3.44827586e-02 6.89655172e-02 0.00000000e+00
  6.89655172e-02 0.00000000e+00 7.24137931e-01]]
--------------------------------------------------
-----------------------------RUNNING FOR MC=3-----------------------------------
running iter#0
running iter#1
running iter#2
------------------------ MC = 3, accuracy=81.20%
Confusion matrix, without normalization
[[  87   95    1    0   36    1    3]
 [  21 1268    3    2   41    4    2]
 [   1   10   71    4   13    1    3]
 [   6    5    4   25   24    2    0]
 [  27   42    0    3  145    3    0]
 [   2    5    1    1    5    9    0]
 [   1    2    2    0    1    0   23]]
Normalized confusion matrix
[[0.39013453 0.42600897 0.0044843  0.         0.16143498 0.0044843
  0.01345291]
 [0.01565996 0.94556301 0.00223714 0.00149142 0.0305742  0.00298285
  0.00149142]
 [0.00970874 0.09708738 0.68932039 0.03883495 0.12621359 0.00970874
  0.02912621]
 [0.09090909 0.07575758 0.06060606 0.37878788 0.36363636 0.03030303
  0.        ]
 [0.12272727 0.19090909 0.         0.01363636 0.65909091 0.01363636
  0.        ]
 [0.08695652 0.2173913  0.04347826 0.04347826 0.2173913  0.39130435
  0.        ]
 [0.03448276 0.06896552 0.06896552 0.         0.03448276 0.
  0.79310345]]
--------------------------------------------------
-----------------------------RUNNING FOR MC=4-----------------------------------
running iter#0
running iter#1
running iter#2
running iter#3
------------------------ MC = 4, accuracy=81.40% (improved)
Confusion matrix, without normalization
[[  95   88    1    0   36    1    2]
 [  25 1262    2    1   42    6    3]
 [   2   11   70    4   13    0    3]
 [   7    5    6   23   24    1    0]
 [  21   43    0    4  149    3    0]
 [   2    4    1    1    5   10    0]
 [   1    2    2    0    1    0   23]]
Normalized confusion matrix
[[4.26008969e-01 3.94618834e-01 4.48430493e-03 0.00000000e+00
  1.61434978e-01 4.48430493e-03 8.96860987e-03]
 [1.86428039e-02 9.41088740e-01 1.49142431e-03 7.45712155e-04
  3.13199105e-02 4.47427293e-03 2.23713647e-03]
 [1.94174757e-02 1.06796117e-01 6.79611650e-01 3.88349515e-02
  1.26213592e-01 0.00000000e+00 2.91262136e-02]
 [1.06060606e-01 7.57575758e-02 9.09090909e-02 3.48484848e-01
  3.63636364e-01 1.51515152e-02 0.00000000e+00]
 [9.54545455e-02 1.95454545e-01 0.00000000e+00 1.81818182e-02
  6.77272727e-01 1.36363636e-02 0.00000000e+00]
 [8.69565217e-02 1.73913043e-01 4.34782609e-02 4.34782609e-02
  2.17391304e-01 4.34782609e-01 0.00000000e+00]
 [3.44827586e-02 6.89655172e-02 6.89655172e-02 0.00000000e+00
  3.44827586e-02 0.00000000e+00 7.93103448e-01]]
--------------------------------------------------
-----------------------------RUNNING FOR MC=5-----------------------------------
running iter#0
running iter#1
running iter#2
running iter#3
running iter#4
------------------------ MC = 5, accuracy=80.95%
Confusion matrix, without normalization
[[  84   94    1    0   39    1    4]
 [  21 1261    3    1   46    6    3]
 [   1    7   72    3   16    1    3]
 [   7    5    5   28   21    0    0]
 [  19   45    1    4  147    4    0]
 [   2    6    1    1    5    8    0]
 [   1    2    2    0    1    0   23]]
Normalized confusion matrix
[[3.76681614e-01 4.21524664e-01 4.48430493e-03 0.00000000e+00
  1.74887892e-01 4.48430493e-03 1.79372197e-02]
 [1.56599553e-02 9.40343028e-01 2.23713647e-03 7.45712155e-04
  3.43027591e-02 4.47427293e-03 2.23713647e-03]
 [9.70873786e-03 6.79611650e-02 6.99029126e-01 2.91262136e-02
  1.55339806e-01 9.70873786e-03 2.91262136e-02]
 [1.06060606e-01 7.57575758e-02 7.57575758e-02 4.24242424e-01
  3.18181818e-01 0.00000000e+00 0.00000000e+00]
 [8.63636364e-02 2.04545455e-01 4.54545455e-03 1.81818182e-02
  6.68181818e-01 1.81818182e-02 0.00000000e+00]
 [8.69565217e-02 2.60869565e-01 4.34782609e-02 4.34782609e-02
  2.17391304e-01 3.47826087e-01 0.00000000e+00]
 [3.44827586e-02 6.89655172e-02 6.89655172e-02 0.00000000e+00
  3.44827586e-02 0.00000000e+00 7.93103448e-01]]
--------------------------------------------------
-----------------------------RUNNING FOR MC=6-----------------------------------
running iter#0
running iter#1
running iter#2
running iter#3
running iter#4
running iter#5
------------------------ MC = 6, accuracy=81.55% (improved)
Confusion matrix, without normalization
[[  92   90    2    0   35    1    3]
 [  23 1268    2    1   41    5    1]
 [   2    7   75    3   13    0    3]
 [   6    6    6   25   22    1    0]
 [  24   45    1    4  143    3    0]
 [   2    5    1    1    5    9    0]
 [   1    2    2    0    1    0   23]]
Normalized confusion matrix
[[4.12556054e-01 4.03587444e-01 8.96860987e-03 0.00000000e+00
  1.56950673e-01 4.48430493e-03 1.34529148e-02]
 [1.71513796e-02 9.45563013e-01 1.49142431e-03 7.45712155e-04
  3.05741984e-02 3.72856078e-03 7.45712155e-04]
 [1.94174757e-02 6.79611650e-02 7.28155340e-01 2.91262136e-02
  1.26213592e-01 0.00000000e+00 2.91262136e-02]
 [9.09090909e-02 9.09090909e-02 9.09090909e-02 3.78787879e-01
  3.33333333e-01 1.51515152e-02 0.00000000e+00]
 [1.09090909e-01 2.04545455e-01 4.54545455e-03 1.81818182e-02
  6.50000000e-01 1.36363636e-02 0.00000000e+00]
 [8.69565217e-02 2.17391304e-01 4.34782609e-02 4.34782609e-02
  2.17391304e-01 3.91304348e-01 0.00000000e+00]
 [3.44827586e-02 6.89655172e-02 6.89655172e-02 0.00000000e+00
  3.44827586e-02 0.00000000e+00 7.93103448e-01]]
--------------------------------------------------
-----------------------------RUNNING FOR MC=7-----------------------------------
running iter#0
running iter#1
running iter#2
running iter#3
running iter#4
running iter#5
running iter#6
------------------------ MC = 7, accuracy=81.65% (improved)
Confusion matrix, without normalization
[[  94   88    2    0   35    1    3]
 [  22 1265    3    1   44    4    2]
 [   1    9   74    4   11    1    3]
 [   7    6    6   23   23    1    0]
 [  19   46    1    4  148    2    0]
 [   2    5    1    1    4   10    0]
 [   1    2    2    0    1    0   23]]
Normalized confusion matrix
[[4.21524664e-01 3.94618834e-01 8.96860987e-03 0.00000000e+00
  1.56950673e-01 4.48430493e-03 1.34529148e-02]
 [1.64056674e-02 9.43325876e-01 2.23713647e-03 7.45712155e-04
  3.28113348e-02 2.98284862e-03 1.49142431e-03]
 [9.70873786e-03 8.73786408e-02 7.18446602e-01 3.88349515e-02
  1.06796117e-01 9.70873786e-03 2.91262136e-02]
 [1.06060606e-01 9.09090909e-02 9.09090909e-02 3.48484848e-01
  3.48484848e-01 1.51515152e-02 0.00000000e+00]
 [8.63636364e-02 2.09090909e-01 4.54545455e-03 1.81818182e-02
  6.72727273e-01 9.09090909e-03 0.00000000e+00]
 [8.69565217e-02 2.17391304e-01 4.34782609e-02 4.34782609e-02
  1.73913043e-01 4.34782609e-01 0.00000000e+00]
 [3.44827586e-02 6.89655172e-02 6.89655172e-02 0.00000000e+00
  3.44827586e-02 0.00000000e+00 7.93103448e-01]]
--------------------------------------------------
-----------------------------RUNNING FOR MC=8-----------------------------------
running iter#0
running iter#1
running iter#2
running iter#3
running iter#4
running iter#5
running iter#6
running iter#7
------------------------ MC = 8, accuracy=81.55%
Confusion matrix, without normalization
[[  91   91    2    0   35    1    3]
 [  21 1269    2    0   42    5    2]
 [   2   10   70    4   13    1    3]
 [   6    6    7   24   23    0    0]
 [  18   45    1    4  149    3    0]
 [   2    5    1    1    5    9    0]
 [   1    1    2    0    2    0   23]]
Normalized confusion matrix
[[0.40807175 0.40807175 0.00896861 0.         0.15695067 0.0044843
  0.01345291]
 [0.01565996 0.94630872 0.00149142 0.         0.03131991 0.00372856
  0.00149142]
 [0.01941748 0.09708738 0.67961165 0.03883495 0.12621359 0.00970874
  0.02912621]
 [0.09090909 0.09090909 0.10606061 0.36363636 0.34848485 0.
  0.        ]
 [0.08181818 0.20454545 0.00454545 0.01818182 0.67727273 0.01363636
  0.        ]
 [0.08695652 0.2173913  0.04347826 0.04347826 0.2173913  0.39130435
  0.        ]
 [0.03448276 0.03448276 0.06896552 0.         0.06896552 0.
  0.79310345]]
--------------------------------------------------
-----------------------------RUNNING FOR MC=9-----------------------------------
running iter#0
running iter#1
running iter#2
running iter#3
running iter#4
running iter#5
running iter#6
running iter#7
running iter#8
------------------------ MC = 9, accuracy=81.50%
Confusion matrix, without normalization
[[  92   89    2    0   35    1    4]
 [  23 1269    3    1   41    3    1]
 [   2    8   71    4   14    1    3]
 [   7    5    4   22   26    2    0]
 [  20   44    1    3  149    3    0]
 [   2    5    1    2    5    8    0]
 [   0    2    3    0    1    0   23]]
Normalized confusion matrix
[[4.12556054e-01 3.99103139e-01 8.96860987e-03 0.00000000e+00
  1.56950673e-01 4.48430493e-03 1.79372197e-02]
 [1.71513796e-02 9.46308725e-01 2.23713647e-03 7.45712155e-04
  3.05741984e-02 2.23713647e-03 7.45712155e-04]
 [1.94174757e-02 7.76699029e-02 6.89320388e-01 3.88349515e-02
  1.35922330e-01 9.70873786e-03 2.91262136e-02]
 [1.06060606e-01 7.57575758e-02 6.06060606e-02 3.33333333e-01
  3.93939394e-01 3.03030303e-02 0.00000000e+00]
 [9.09090909e-02 2.00000000e-01 4.54545455e-03 1.36363636e-02
  6.77272727e-01 1.36363636e-02 0.00000000e+00]
 [8.69565217e-02 2.17391304e-01 4.34782609e-02 8.69565217e-02
  2.17391304e-01 3.47826087e-01 0.00000000e+00]
 [0.00000000e+00 6.89655172e-02 1.03448276e-01 0.00000000e+00
  3.44827586e-02 0.00000000e+00 7.93103448e-01]]
--------------------------------------------------
-----------------------------RUNNING FOR MC=10-----------------------------------
running iter#0
running iter#1
running iter#2
running iter#3
running iter#4
running iter#5
running iter#6
running iter#7
running iter#8
running iter#9
------------------------ MC = 10, accuracy=81.70% (improved)
Confusion matrix, without normalization
[[  94   87    1    0   37    1    3]
 [  21 1266    3    0   43    6    2]
 [   2    9   70    4   14    1    3]
 [   5    6    6   26   23    0    0]
 [  21   45    1    3  148    2    0]
 [   2    5    1    1    4   10    0]
 [   0    2    2    0    1    0   24]]
Normalized confusion matrix
[[0.42152466 0.39013453 0.0044843  0.         0.16591928 0.0044843
  0.01345291]
 [0.01565996 0.94407159 0.00223714 0.         0.03206562 0.00447427
  0.00149142]
 [0.01941748 0.08737864 0.67961165 0.03883495 0.13592233 0.00970874
  0.02912621]
 [0.07575758 0.09090909 0.09090909 0.39393939 0.34848485 0.
  0.        ]
 [0.09545455 0.20454545 0.00454545 0.01363636 0.67272727 0.00909091
  0.        ]
 [0.08695652 0.2173913  0.04347826 0.04347826 0.17391304 0.43478261
  0.        ]
 [0.         0.06896552 0.06896552 0.         0.03448276 0.
  0.82758621]]
--------------------------------------------------
-----------------------------RUNNING FOR MC=11-----------------------------------
running iter#0
running iter#1
running iter#2
running iter#3
running iter#4
running iter#5
running iter#6
running iter#7
running iter#8
running iter#9
running iter#10
------------------------ MC = 11, accuracy=81.80% (improved)
/usr/local/lib/python3.5/dist-packages/matplotlib/pyplot.py:514: RuntimeWarning: More than 20 figures have been opened. Figures created through the pyplot interface (`matplotlib.pyplot.figure`) are retained until explicitly closed and may consume too much memory. (To control this warning, see the rcParam `figure.max_open_warning`).
  max_open_warning, RuntimeWarning)
Confusion matrix, without normalization
[[  95   87    1    0   37    1    2]
 [  20 1265    3    0   46    4    3]
 [   2    9   72    4   12    1    3]
 [   5    5    7   25   24    0    0]
 [  21   42    1    4  150    2    0]
 [   2    4    1    1    5   10    0]
 [   1    2    2    0    1    0   23]]
Normalized confusion matrix
[[0.42600897 0.39013453 0.0044843  0.         0.16591928 0.0044843
  0.00896861]
 [0.01491424 0.94332588 0.00223714 0.         0.03430276 0.00298285
  0.00223714]
 [0.01941748 0.08737864 0.69902913 0.03883495 0.11650485 0.00970874
  0.02912621]
 [0.07575758 0.07575758 0.10606061 0.37878788 0.36363636 0.
  0.        ]
 [0.09545455 0.19090909 0.00454545 0.01818182 0.68181818 0.00909091
  0.        ]
 [0.08695652 0.17391304 0.04347826 0.04347826 0.2173913  0.43478261
  0.        ]
 [0.03448276 0.06896552 0.06896552 0.         0.03448276 0.
  0.79310345]]
--------------------------------------------------
-----------------------------RUNNING FOR MC=12-----------------------------------
running iter#0
running iter#1
running iter#2
running iter#3
running iter#4
running iter#5
running iter#6
running iter#7
running iter#8
running iter#9
running iter#10
running iter#11
------------------------ MC = 12, accuracy=81.85% (improved)
Confusion matrix, without normalization
[[  95   86    1    0   38    1    2]
 [  21 1266    3    1   43    4    3]
 [   1    8   74    4   12    1    3]
 [   6    7    6   23   23    1    0]
 [  20   42    1    4  150    3    0]
 [   2    4    1    1    5   10    0]
 [   1    2    2    0    1    0   23]]
Normalized confusion matrix
[[4.26008969e-01 3.85650224e-01 4.48430493e-03 0.00000000e+00
  1.70403587e-01 4.48430493e-03 8.96860987e-03]
 [1.56599553e-02 9.44071588e-01 2.23713647e-03 7.45712155e-04
  3.20656227e-02 2.98284862e-03 2.23713647e-03]
 [9.70873786e-03 7.76699029e-02 7.18446602e-01 3.88349515e-02
  1.16504854e-01 9.70873786e-03 2.91262136e-02]
 [9.09090909e-02 1.06060606e-01 9.09090909e-02 3.48484848e-01
  3.48484848e-01 1.51515152e-02 0.00000000e+00]
 [9.09090909e-02 1.90909091e-01 4.54545455e-03 1.81818182e-02
  6.81818182e-01 1.36363636e-02 0.00000000e+00]
 [8.69565217e-02 1.73913043e-01 4.34782609e-02 4.34782609e-02
  2.17391304e-01 4.34782609e-01 0.00000000e+00]
 [3.44827586e-02 6.89655172e-02 6.89655172e-02 0.00000000e+00
  3.44827586e-02 0.00000000e+00 7.93103448e-01]]
--------------------------------------------------
-----------------------------RUNNING FOR MC=13-----------------------------------
running iter#0
running iter#1
running iter#2
running iter#3
running iter#4
running iter#5
running iter#6
running iter#7
running iter#8
running iter#9
running iter#10
running iter#11
running iter#12
------------------------ MC = 13, accuracy=81.75%
Confusion matrix, without normalization
[[  92   92    1    0   35    1    2]
 [  22 1267    3    1   43    4    1]
 [   2    9   74    4   10    1    3]
 [   6    5    5   25   24    1    0]
 [  20   43    1    4  149    3    0]
 [   2    5    1    1    5    9    0]
 [   1    2    2    0    1    0   23]]
Normalized confusion matrix
[[4.12556054e-01 4.12556054e-01 4.48430493e-03 0.00000000e+00
  1.56950673e-01 4.48430493e-03 8.96860987e-03]
 [1.64056674e-02 9.44817301e-01 2.23713647e-03 7.45712155e-04
  3.20656227e-02 2.98284862e-03 7.45712155e-04]
 [1.94174757e-02 8.73786408e-02 7.18446602e-01 3.88349515e-02
  9.70873786e-02 9.70873786e-03 2.91262136e-02]
 [9.09090909e-02 7.57575758e-02 7.57575758e-02 3.78787879e-01
  3.63636364e-01 1.51515152e-02 0.00000000e+00]
 [9.09090909e-02 1.95454545e-01 4.54545455e-03 1.81818182e-02
  6.77272727e-01 1.36363636e-02 0.00000000e+00]
 [8.69565217e-02 2.17391304e-01 4.34782609e-02 4.34782609e-02
  2.17391304e-01 3.91304348e-01 0.00000000e+00]
 [3.44827586e-02 6.89655172e-02 6.89655172e-02 0.00000000e+00
  3.44827586e-02 0.00000000e+00 7.93103448e-01]]
--------------------------------------------------
-----------------------------RUNNING FOR MC=14-----------------------------------
running iter#0
running iter#1
running iter#2
running iter#3
running iter#4
running iter#5
running iter#6
running iter#7
running iter#8
running iter#9
running iter#10
running iter#11
running iter#12
running iter#13
------------------------ MC = 14, accuracy=81.80%
Confusion matrix, without normalization
[[  95   86    1    0   37    1    3]
 [  22 1266    2    1   43    6    1]
 [   1    9   72    4   13    1    3]
 [   6    4    5   26   24    1    0]
 [  21   44    1    3  148    3    0]
 [   2    4    1    1    5   10    0]
 [   1    2    2    0    1    0   23]]
Normalized confusion matrix
[[4.26008969e-01 3.85650224e-01 4.48430493e-03 0.00000000e+00
  1.65919283e-01 4.48430493e-03 1.34529148e-02]
 [1.64056674e-02 9.44071588e-01 1.49142431e-03 7.45712155e-04
  3.20656227e-02 4.47427293e-03 7.45712155e-04]
 [9.70873786e-03 8.73786408e-02 6.99029126e-01 3.88349515e-02
  1.26213592e-01 9.70873786e-03 2.91262136e-02]
 [9.09090909e-02 6.06060606e-02 7.57575758e-02 3.93939394e-01
  3.63636364e-01 1.51515152e-02 0.00000000e+00]
 [9.54545455e-02 2.00000000e-01 4.54545455e-03 1.36363636e-02
  6.72727273e-01 1.36363636e-02 0.00000000e+00]
 [8.69565217e-02 1.73913043e-01 4.34782609e-02 4.34782609e-02
  2.17391304e-01 4.34782609e-01 0.00000000e+00]
 [3.44827586e-02 6.89655172e-02 6.89655172e-02 0.00000000e+00
  3.44827586e-02 0.00000000e+00 7.93103448e-01]]
--------------------------------------------------
-----------------------------RUNNING FOR MC=15-----------------------------------
running iter#0
running iter#1
running iter#2
running iter#3
running iter#4
running iter#5
running iter#6
running iter#7
running iter#8
running iter#9
running iter#10
running iter#11
running iter#12
running iter#13
running iter#14
------------------------ MC = 15, accuracy=81.80%
Confusion matrix, without normalization
[[  93   90    1    0   35    1    3]
 [  23 1269    3    0   40    4    2]
 [   1    9   74    3   12    1    3]
 [   7    5    4   24   24    2    0]
 [  20   46    1    3  147    3    0]
 [   2    4    1    1    5   10    0]
 [   1    2    2    0    1    0   23]]
Normalized confusion matrix
[[0.41704036 0.40358744 0.0044843  0.         0.15695067 0.0044843
  0.01345291]
 [0.01715138 0.94630872 0.00223714 0.         0.02982849 0.00298285
  0.00149142]
 [0.00970874 0.08737864 0.7184466  0.02912621 0.11650485 0.00970874
  0.02912621]
 [0.10606061 0.07575758 0.06060606 0.36363636 0.36363636 0.03030303
  0.        ]
 [0.09090909 0.20909091 0.00454545 0.01363636 0.66818182 0.01363636
  0.        ]
 [0.08695652 0.17391304 0.04347826 0.04347826 0.2173913  0.43478261
  0.        ]
 [0.03448276 0.06896552 0.06896552 0.         0.03448276 0.
  0.79310345]]
--------------------------------------------------
-----------------------------RUNNING FOR MC=16-----------------------------------
running iter#0
running iter#1
running iter#2
running iter#3
running iter#4
running iter#5
running iter#6
running iter#7
running iter#8
running iter#9
running iter#10
running iter#11
running iter#12
running iter#13
running iter#14
running iter#15
------------------------ MC = 16, accuracy=81.05%
Confusion matrix, without normalization
[[  92   89    1    0   37    1    3]
 [  22 1264    3    1   44    4    3]
 [   1    8   72    5   13    1    3]
 [   6    4    7   23   24    2    0]
 [  24   45    1    4  143    3    0]
 [   2    5    1    1    5    9    0]
 [   2    2    2    0    1    0   22]]
Normalized confusion matrix
[[4.12556054e-01 3.99103139e-01 4.48430493e-03 0.00000000e+00
  1.65919283e-01 4.48430493e-03 1.34529148e-02]
 [1.64056674e-02 9.42580164e-01 2.23713647e-03 7.45712155e-04
  3.28113348e-02 2.98284862e-03 2.23713647e-03]
 [9.70873786e-03 7.76699029e-02 6.99029126e-01 4.85436893e-02
  1.26213592e-01 9.70873786e-03 2.91262136e-02]
 [9.09090909e-02 6.06060606e-02 1.06060606e-01 3.48484848e-01
  3.63636364e-01 3.03030303e-02 0.00000000e+00]
 [1.09090909e-01 2.04545455e-01 4.54545455e-03 1.81818182e-02
  6.50000000e-01 1.36363636e-02 0.00000000e+00]
 [8.69565217e-02 2.17391304e-01 4.34782609e-02 4.34782609e-02
  2.17391304e-01 3.91304348e-01 0.00000000e+00]
 [6.89655172e-02 6.89655172e-02 6.89655172e-02 0.00000000e+00
  3.44827586e-02 0.00000000e+00 7.58620690e-01]]
--------------------------------------------------
-----------------------------RUNNING FOR MC=17-----------------------------------
running iter#0
running iter#1
running iter#2
running iter#3
running iter#4
running iter#5
running iter#6
running iter#7
running iter#8
running iter#9
running iter#10
running iter#11
running iter#12
running iter#13
running iter#14
running iter#15
running iter#16
------------------------ MC = 17, accuracy=81.60%
Confusion matrix, without normalization
[[  94   86    1    0   38    1    3]
 [  22 1266    3    0   44    4    2]
 [   2    9   71    4   13    1    3]
 [   7    6    5   25   22    1    0]
 [  21   44    1    3  148    3    0]
 [   2    5    1    1    5    9    0]
 [   1    2    2    0    1    0   23]]
Normalized confusion matrix
[[0.42152466 0.38565022 0.0044843  0.         0.17040359 0.0044843
  0.01345291]
 [0.01640567 0.94407159 0.00223714 0.         0.03281133 0.00298285
  0.00149142]
 [0.01941748 0.08737864 0.68932039 0.03883495 0.12621359 0.00970874
  0.02912621]
 [0.10606061 0.09090909 0.07575758 0.37878788 0.33333333 0.01515152
  0.        ]
 [0.09545455 0.2        0.00454545 0.01363636 0.67272727 0.01363636
  0.        ]
 [0.08695652 0.2173913  0.04347826 0.04347826 0.2173913  0.39130435
  0.        ]
 [0.03448276 0.06896552 0.06896552 0.         0.03448276 0.
  0.79310345]]
--------------------------------------------------
-----------------------------RUNNING FOR MC=18-----------------------------------
running iter#0
running iter#1
running iter#2
running iter#3
running iter#4
running iter#5
running iter#6
running iter#7
running iter#8
running iter#9
running iter#10
running iter#11
running iter#12
running iter#13
running iter#14
running iter#15
running iter#16
running iter#17
------------------------ MC = 18, accuracy=81.50%
Confusion matrix, without normalization
[[  92   91    1    0   36    1    2]
 [  23 1263    2    1   43    6    3]
 [   2    8   73    4   12    1    3]
 [   6    5    4   25   24    2    0]
 [  22   43    1    3  148    3    0]
 [   2    4    1    1    5   10    0]
 [   1    2    2    0    1    0   23]]
Normalized confusion matrix
[[4.12556054e-01 4.08071749e-01 4.48430493e-03 0.00000000e+00
  1.61434978e-01 4.48430493e-03 8.96860987e-03]
 [1.71513796e-02 9.41834452e-01 1.49142431e-03 7.45712155e-04
  3.20656227e-02 4.47427293e-03 2.23713647e-03]
 [1.94174757e-02 7.76699029e-02 7.08737864e-01 3.88349515e-02
  1.16504854e-01 9.70873786e-03 2.91262136e-02]
 [9.09090909e-02 7.57575758e-02 6.06060606e-02 3.78787879e-01
  3.63636364e-01 3.03030303e-02 0.00000000e+00]
 [1.00000000e-01 1.95454545e-01 4.54545455e-03 1.36363636e-02
  6.72727273e-01 1.36363636e-02 0.00000000e+00]
 [8.69565217e-02 1.73913043e-01 4.34782609e-02 4.34782609e-02
  2.17391304e-01 4.34782609e-01 0.00000000e+00]
 [3.44827586e-02 6.89655172e-02 6.89655172e-02 0.00000000e+00
  3.44827586e-02 0.00000000e+00 7.93103448e-01]]
--------------------------------------------------
-----------------------------RUNNING FOR MC=19-----------------------------------
running iter#0
running iter#1
running iter#2
running iter#3
running iter#4
running iter#5
running iter#6
running iter#7
running iter#8
running iter#9
running iter#10
running iter#11
running iter#12
running iter#13
running iter#14
running iter#15
running iter#16
running iter#17
running iter#18
------------------------ MC = 19, accuracy=81.80%
Confusion matrix, without normalization
[[  96   87    1    0   36    1    2]
 [  23 1266    3    0   44    4    1]
 [   1    7   74    4   13    1    3]
 [   6    5    6   25   24    0    0]
 [  24   41    1    4  147    3    0]
 [   2    4    1    1    5   10    0]
 [   2    2    2    0    1    0   22]]
Normalized confusion matrix
[[4.30493274e-01 3.90134529e-01 4.48430493e-03 0.00000000e+00
  1.61434978e-01 4.48430493e-03 8.96860987e-03]
 [1.71513796e-02 9.44071588e-01 2.23713647e-03 0.00000000e+00
  3.28113348e-02 2.98284862e-03 7.45712155e-04]
 [9.70873786e-03 6.79611650e-02 7.18446602e-01 3.88349515e-02
  1.26213592e-01 9.70873786e-03 2.91262136e-02]
 [9.09090909e-02 7.57575758e-02 9.09090909e-02 3.78787879e-01
  3.63636364e-01 0.00000000e+00 0.00000000e+00]
 [1.09090909e-01 1.86363636e-01 4.54545455e-03 1.81818182e-02
  6.68181818e-01 1.36363636e-02 0.00000000e+00]
 [8.69565217e-02 1.73913043e-01 4.34782609e-02 4.34782609e-02
  2.17391304e-01 4.34782609e-01 0.00000000e+00]
 [6.89655172e-02 6.89655172e-02 6.89655172e-02 0.00000000e+00
  3.44827586e-02 0.00000000e+00 7.58620690e-01]]
--------------------------------------------------
-----------------------------RUNNING FOR MC=20-----------------------------------
running iter#0
running iter#1
running iter#2
running iter#3
running iter#4
running iter#5
running iter#6
running iter#7
running iter#8
running iter#9
running iter#10
running iter#11
running iter#12
running iter#13
running iter#14
running iter#15
running iter#16
running iter#17
running iter#18
running iter#19
------------------------ MC = 20, accuracy=81.80%
Confusion matrix, without normalization
[[  96   88    1    0   35    1    2]
 [  22 1265    3    0   44    4    3]
 [   2    7   73    4   13    1    3]
 [   6    5    6   24   24    1    0]
 [  22   41    1    4  149    3    0]
 [   2    4    1    1    5   10    0]
 [   1    2    2    0    1    0   23]]
Normalized confusion matrix
[[0.43049327 0.39461883 0.0044843  0.         0.15695067 0.0044843
  0.00896861]
 [0.01640567 0.94332588 0.00223714 0.         0.03281133 0.00298285
  0.00223714]
 [0.01941748 0.06796117 0.70873786 0.03883495 0.12621359 0.00970874
  0.02912621]
 [0.09090909 0.07575758 0.09090909 0.36363636 0.36363636 0.01515152
  0.        ]
 [0.1        0.18636364 0.00454545 0.01818182 0.67727273 0.01363636
  0.        ]
 [0.08695652 0.17391304 0.04347826 0.04347826 0.2173913  0.43478261
  0.        ]
 [0.03448276 0.06896552 0.06896552 0.         0.03448276 0.
  0.79310345]]
--------------------------------------------------
-----------------------------RUNNING FOR MC=21-----------------------------------
running iter#0
running iter#1
running iter#2
running iter#3
running iter#4
running iter#5
running iter#6
running iter#7
running iter#8
running iter#9
running iter#10
running iter#11
running iter#12
running iter#13
running iter#14
running iter#15
running iter#16
running iter#17
running iter#18
running iter#19
running iter#20
------------------------ MC = 21, accuracy=81.55%
Confusion matrix, without normalization
[[  93   89    1    0   37    1    2]
 [  24 1268    3    0   40    4    2]
 [   2    9   71    4   13    1    3]
 [   5    6    4   26   24    1    0]
 [  23   44    1    4  145    3    0]
 [   2    5    1    1    5    9    0]
 [   1    2    2    0    1    0   23]]
Normalized confusion matrix
[[0.41704036 0.39910314 0.0044843  0.         0.16591928 0.0044843
  0.00896861]
 [0.01789709 0.94556301 0.00223714 0.         0.02982849 0.00298285
  0.00149142]
 [0.01941748 0.08737864 0.68932039 0.03883495 0.12621359 0.00970874
  0.02912621]
 [0.07575758 0.09090909 0.06060606 0.39393939 0.36363636 0.01515152
  0.        ]
 [0.10454545 0.2        0.00454545 0.01818182 0.65909091 0.01363636
  0.        ]
 [0.08695652 0.2173913  0.04347826 0.04347826 0.2173913  0.39130435
  0.        ]
 [0.03448276 0.06896552 0.06896552 0.         0.03448276 0.
  0.79310345]]
--------------------------------------------------
-----------------------------RUNNING FOR MC=22-----------------------------------
running iter#0
running iter#1
running iter#2
running iter#3
running iter#4
running iter#5
running iter#6
running iter#7
running iter#8
running iter#9
running iter#10
running iter#11
running iter#12
running iter#13
running iter#14
running iter#15
running iter#16
running iter#17
running iter#18
running iter#19
running iter#20
running iter#21
------------------------ MC = 22, accuracy=81.60%
Confusion matrix, without normalization
[[  95   88    1    0   36    1    2]
 [  22 1266    3    0   44    4    2]
 [   2    8   74    4   11    1    3]
 [   6    6    6   23   23    2    0]
 [  23   43    1    4  146    3    0]
 [   2    5    1    1    5    9    0]
 [   1    2    2    0    1    0   23]]
Normalized confusion matrix
[[0.42600897 0.39461883 0.0044843  0.         0.16143498 0.0044843
  0.00896861]
 [0.01640567 0.94407159 0.00223714 0.         0.03281133 0.00298285
  0.00149142]
 [0.01941748 0.0776699  0.7184466  0.03883495 0.10679612 0.00970874
  0.02912621]
 [0.09090909 0.09090909 0.09090909 0.34848485 0.34848485 0.03030303
  0.        ]
 [0.10454545 0.19545455 0.00454545 0.01818182 0.66363636 0.01363636
  0.        ]
 [0.08695652 0.2173913  0.04347826 0.04347826 0.2173913  0.39130435
  0.        ]
 [0.03448276 0.06896552 0.06896552 0.         0.03448276 0.
  0.79310345]]
--------------------------------------------------
-----------------------------RUNNING FOR MC=23-----------------------------------
running iter#0
running iter#1
running iter#2
running iter#3
running iter#4
running iter#5
running iter#6
running iter#7
running iter#8
running iter#9
running iter#10
running iter#11
running iter#12
running iter#13
running iter#14
running iter#15
running iter#16
running iter#17
running iter#18
running iter#19
running iter#20
running iter#21
running iter#22
------------------------ MC = 23, accuracy=82.09% (improved)
Confusion matrix, without normalization
[[  96   86    1    0   37    1    2]
 [  22 1265    3    0   44    5    2]
 [   2    8   74    4   11    1    3]
 [   6    6    4   27   23    0    0]
 [  21   40    1    4  151    3    0]
 [   2    4    1    1    5   10    0]
 [   1    2    2    0    1    0   23]]
Normalized confusion matrix
[[0.43049327 0.38565022 0.0044843  0.         0.16591928 0.0044843
  0.00896861]
 [0.01640567 0.94332588 0.00223714 0.         0.03281133 0.00372856
  0.00149142]
 [0.01941748 0.0776699  0.7184466  0.03883495 0.10679612 0.00970874
  0.02912621]
 [0.09090909 0.09090909 0.06060606 0.40909091 0.34848485 0.
  0.        ]
 [0.09545455 0.18181818 0.00454545 0.01818182 0.68636364 0.01363636
  0.        ]
 [0.08695652 0.17391304 0.04347826 0.04347826 0.2173913  0.43478261
  0.        ]
 [0.03448276 0.06896552 0.06896552 0.         0.03448276 0.
  0.79310345]]
--------------------------------------------------
-----------------------------RUNNING FOR MC=24-----------------------------------
running iter#0
running iter#1
running iter#2
running iter#3
running iter#4
running iter#5
running iter#6
running iter#7
running iter#8
running iter#9
running iter#10
running iter#11
running iter#12
running iter#13
running iter#14
running iter#15
running iter#16
running iter#17
running iter#18
running iter#19
running iter#20
running iter#21
running iter#22
running iter#23
------------------------ MC = 24, accuracy=81.55%
Confusion matrix, without normalization
[[  94   87    2    0   37    1    2]
 [  22 1268    3    0   42    4    2]
 [   2    7   73    4   13    1    3]
 [   6    6    7   23   23    1    0]
 [  25   43    1    4  144    3    0]
 [   2    4    1    1    5   10    0]
 [   1    2    2    0    1    0   23]]
Normalized confusion matrix
[[0.42152466 0.39013453 0.00896861 0.         0.16591928 0.0044843
  0.00896861]
 [0.01640567 0.94556301 0.00223714 0.         0.03131991 0.00298285
  0.00149142]
 [0.01941748 0.06796117 0.70873786 0.03883495 0.12621359 0.00970874
  0.02912621]
 [0.09090909 0.09090909 0.10606061 0.34848485 0.34848485 0.01515152
  0.        ]
 [0.11363636 0.19545455 0.00454545 0.01818182 0.65454545 0.01363636
  0.        ]
 [0.08695652 0.17391304 0.04347826 0.04347826 0.2173913  0.43478261
  0.        ]
 [0.03448276 0.06896552 0.06896552 0.         0.03448276 0.
  0.79310345]]
--------------------------------------------------
-----------------------------RUNNING FOR MC=25-----------------------------------
running iter#0
running iter#1
running iter#2
running iter#3
running iter#4
running iter#5
running iter#6
running iter#7
running iter#8
running iter#9
running iter#10
running iter#11
running iter#12
running iter#13
running iter#14
running iter#15
running iter#16
running iter#17
running iter#18
running iter#19
running iter#20
running iter#21
running iter#22
running iter#23
running iter#24
------------------------ MC = 25, accuracy=81.95%
Confusion matrix, without normalization
[[  95   90    1    0   33    1    3]
 [  21 1270    3    0   41    4    2]
 [   2    7   73    4   13    1    3]
 [   6    5    5   25   24    1    0]
 [  24   41    1    4  147    3    0]
 [   2    4    1    1    5   10    0]
 [   1    2    2    0    1    0   23]]
Normalized confusion matrix
[[0.42600897 0.40358744 0.0044843  0.         0.14798206 0.0044843
  0.01345291]
 [0.01565996 0.94705444 0.00223714 0.         0.0305742  0.00298285
  0.00149142]
 [0.01941748 0.06796117 0.70873786 0.03883495 0.12621359 0.00970874
  0.02912621]
 [0.09090909 0.07575758 0.07575758 0.37878788 0.36363636 0.01515152
  0.        ]
 [0.10909091 0.18636364 0.00454545 0.01818182 0.66818182 0.01363636
  0.        ]
 [0.08695652 0.17391304 0.04347826 0.04347826 0.2173913  0.43478261
  0.        ]
 [0.03448276 0.06896552 0.06896552 0.         0.03448276 0.
  0.79310345]]
--------------------------------------------------
-----------------------------RUNNING FOR MC=26-----------------------------------
running iter#0
running iter#1
running iter#2
running iter#3
running iter#4
running iter#5
running iter#6
running iter#7
running iter#8
running iter#9
running iter#10
running iter#11
running iter#12
running iter#13
running iter#14
running iter#15
running iter#16
running iter#17
running iter#18
running iter#19
running iter#20
running iter#21
running iter#22
running iter#23
running iter#24
running iter#25
------------------------ MC = 26, accuracy=81.75%
Confusion matrix, without normalization
[[  94   89    1    0   36    1    2]
 [  22 1265    3    0   44    4    3]
 [   2    7   73    4   13    1    3]
 [   6    5    4   26   24    1    0]
 [  22   42    1    4  148    3    0]
 [   2    4    1    1    5   10    0]
 [   1    2    2    0    1    0   23]]
Normalized confusion matrix
[[0.42152466 0.39910314 0.0044843  0.         0.16143498 0.0044843
  0.00896861]
 [0.01640567 0.94332588 0.00223714 0.         0.03281133 0.00298285
  0.00223714]
 [0.01941748 0.06796117 0.70873786 0.03883495 0.12621359 0.00970874
  0.02912621]
 [0.09090909 0.07575758 0.06060606 0.39393939 0.36363636 0.01515152
  0.        ]
 [0.1        0.19090909 0.00454545 0.01818182 0.67272727 0.01363636
  0.        ]
 [0.08695652 0.17391304 0.04347826 0.04347826 0.2173913  0.43478261
  0.        ]
 [0.03448276 0.06896552 0.06896552 0.         0.03448276 0.
  0.79310345]]
--------------------------------------------------
-----------------------------RUNNING FOR MC=27-----------------------------------
running iter#0
running iter#1
running iter#2
running iter#3
running iter#4
running iter#5
running iter#6
running iter#7
running iter#8
running iter#9
running iter#10
running iter#11
running iter#12
running iter#13
running iter#14
running iter#15
running iter#16
running iter#17
running iter#18
running iter#19
running iter#20
running iter#21
running iter#22
running iter#23
running iter#24
running iter#25
running iter#26
------------------------ MC = 27, accuracy=81.70%
Confusion matrix, without normalization
[[  90   90    1    0   38    1    3]
 [  21 1269    3    0   41    4    3]
 [   2    7   73    4   13    1    3]
 [   6    4    6   24   24    2    0]
 [  21   43    1    3  149    3    0]
 [   2    4    1    1    5   10    0]
 [   1    2    2    0    1    0   23]]
Normalized confusion matrix
[[0.40358744 0.40358744 0.0044843  0.         0.17040359 0.0044843
  0.01345291]
 [0.01565996 0.94630872 0.00223714 0.         0.0305742  0.00298285
  0.00223714]
 [0.01941748 0.06796117 0.70873786 0.03883495 0.12621359 0.00970874
  0.02912621]
 [0.09090909 0.06060606 0.09090909 0.36363636 0.36363636 0.03030303
  0.        ]
 [0.09545455 0.19545455 0.00454545 0.01363636 0.67727273 0.01363636
  0.        ]
 [0.08695652 0.17391304 0.04347826 0.04347826 0.2173913  0.43478261
  0.        ]
 [0.03448276 0.06896552 0.06896552 0.         0.03448276 0.
  0.79310345]]
--------------------------------------------------
-----------------------------RUNNING FOR MC=28-----------------------------------
running iter#0
running iter#1
running iter#2
running iter#3
running iter#4
running iter#5
running iter#6
running iter#7
running iter#8
running iter#9
running iter#10
running iter#11
running iter#12
running iter#13
running iter#14
running iter#15
running iter#16
running iter#17
running iter#18
running iter#19
running iter#20
running iter#21
running iter#22
running iter#23
running iter#24
running iter#25
running iter#26
running iter#27
------------------------ MC = 28, accuracy=81.95%
Confusion matrix, without normalization
[[  94   87    1    0   37    1    3]
 [  22 1267    2    0   43    5    2]
 [   2    8   73    4   12    1    3]
